1 9 1
1 33 1
1 51 1
1 52 1
1 55 1
1 94 1
1 97 1
2 5 1
2 9 1
2 23 1
2 26 1
2 37 1
2 52 1
2 85 1
3 12 1
3 26 1
3 31 1
3 41 1
3 42 1
3 44 1
3 49 1
3 69 1
3 71 1
3 83 1
4 15 1
4 16 1
4 30 1
4 38 1
4 51 1
4 56 1
4 75 1
4 94 1
4 95 1
5 8 1
5 21 1
5 43 1
5 47 1
5 49 1
5 61 1
5 75 1
6 20 1
6 22 1
6 47 1
6 58 1
6 72 1
6 81 1
6 84 1
6 87 1
6 93 1
6 94 1
7 12 1
7 21 1
7 24 1
7 27 1
7 37 1
7 64 1
7 66 1
7 69 1
7 74 1
7 85 1
8 9 1
8 16 1
8 23 1
8 40 1
8 44 1
8 67 1
8 70 1
8 72 1
8 80 1
8 88 1
8 93 1
9 13 1
9 22 1
9 29 1
9 33 1
9 35 1
9 56 1
9 61 1
9 68 1
9 72 1
9 96 1
10 17 1
10 19 1
10 24 1
10 40 1
10 41 1
10 46 1
10 53 1
10 69 1
10 76 1
10 81 1
10 86 1
10 93 1
11 15 1
11 44 1
11 45 1
11 63 1
11 88 1
12 19 1
12 29 1
12 33 1
12 43 1
12 45 1
12 61 1
13 14 1
13 15 1
13 16 1
13 17 1
13 20 1
13 21 1
13 50 1
13 79 1
13 80 1
14 19 1
14 23 1
14 33 1
14 35 1
14 37 1
14 42 1
14 60 1
14 61 1
14 74 1
14 81 1
14 90 1
15 18 1
15 20 1
15 27 1
15 33 1
15 59 1
15 61 1
15 85 1
15 97 1
16 22 1
16 32 1
16 54 1
16 59 1
16 77 1
16 96 1
17 50 1
17 53 1
17 74 1
17 89 1
17 92 1
17 95 1
18 48 1
18 53 1
18 65 1
18 68 1
18 69 1
18 70 1
18 77 1
18 85 1
18 91 1
19 22 1
19 45 1
19 51 1
19 60 1
19 62 1
19 76 1
19 78 1
19 79 1
19 97 1
20 52 1
20 54 1
20 73 1
20 80 1
20 86 1
21 46 1
21 50 1
21 63 1
21 68 1
21 79 1
21 80 1
21 97 1
22 36 1
22 38 1
22 49 1
22 73 1
22 76 1
22 80 1
22 81 1
22 96 1
23 24 1
23 30 1
23 39 1
23 40 1
23 41 1
23 43 1
23 46 1
23 47 1
23 54 1
23 60 1
23 72 1
23 77 1
23 89 1
23 100 1
24 29 1
24 31 1
24 36 1
24 42 1
24 50 1
24 53 1
24 68 1
24 73 1
24 76 1
24 77 1
24 84 1
24 85 1
24 97 1
25 28 1
25 51 1
25 85 1
25 87 1
26 69 1
26 72 1
27 37 1
27 57 1
27 66 1
27 78 1
28 33 1
28 37 1
28 48 1
28 51 1
28 71 1
28 75 1
29 34 1
29 43 1
29 46 1
29 54 1
29 66 1
29 67 1
29 82 1
30 53 1
30 56 1
30 68 1
30 71 1
31 37 1
31 53 1
31 57 1
31 70 1
31 76 1
32 45 1
32 48 1
32 71 1
32 72 1
32 88 1
32 93 1
33 40 1
33 63 1
33 64 1
33 69 1
33 77 1
33 84 1
33 88 1
33 89 1
33 91 1
34 46 1
34 51 1
34 65 1
34 68 1
34 70 1
35 45 1
35 50 1
35 58 1
35 63 1
35 79 1
35 81 1
35 89 1
35 97 1
36 45 1
36 60 1
36 64 1
36 70 1
36 75 1
36 85 1
37 42 1
37 49 1
37 57 1
37 65 1
37 67 1
37 70 1
37 72 1
38 39 1
38 66 1
38 80 1
38 81 1
38 84 1
38 98 1
39 58 1
39 92 1
39 94 1
39 98 1
40 54 1
40 83 1
40 84 1
40 95 1
41 68 1
41 70 1
41 73 1
41 75 1
41 93 1
42 56 1
42 57 1
42 59 1
42 76 1
42 77 1
42 81 1
42 83 1
42 93 1
42 97 1
43 51 1
43 53 1
43 62 1
43 76 1
43 91 1
44 59 1
44 60 1
44 72 1
44 75 1
44 82 1
44 88 1
44 96 1
45 51 1
45 52 1
45 73 1
45 83 1
45 92 1
45 97 1
45 99 1
46 48 1
46 55 1
46 58 1
46 74 1
46 75 1
46 76 1
46 82 1
47 57 1
47 62 1
47 64 1
48 49 1
48 66 1
48 67 1
48 68 1
48 88 1
49 53 1
49 54 1
49 60 1
49 61 1
49 66 1
49 74 1
49 79 1
49 81 1
49 87 1
50 73 1
50 80 1
50 91 1
50 99 1
51 65 1
51 85 1
51 91 1
52 65 1
52 77 1
52 82 1
52 86 1
52 96 1
53 76 1
53 85 1
53 99 1
54 57 1
54 63 1
54 67 1
54 75 1
54 76 1
54 84 1
54 95 1
55 60 1
55 63 1
55 71 1
55 80 1
55 97 1
55 98 1
55 100 1
56 71 1
56 91 1
57 90 1
58 60 1
58 66 1
58 68 1
58 78 1
58 87 1
59 63 1
59 76 1
59 89 1
59 90 1
59 99 1
60 67 1
61 81 1
61 83 1
61 88 1
61 90 1
62 71 1
62 77 1
62 85 1
62 100 1
63 65 1
63 66 1
63 84 1
63 93 1
64 70 1
64 73 1
64 83 1
64 85 1
64 94 1
64 100 1
65 87 1
66 67 1
66 93 1
67 68 1
67 77 1
67 79 1
67 81 1
67 83 1
67 93 1
67 98 1
68 72 1
68 78 1
68 100 1
69 74 1
69 84 1
69 94 1
70 71 1
70 73 1
70 91 1
70 99 1
71 87 1
71 93 1
71 100 1
72 75 1
72 78 1
72 87 1
72 100 1
73 82 1
73 94 1
74 95 1
75 77 1
75 78 1
75 82 1
75 96 1
76 83 1
76 86 1
76 98 1
77 80 1
77 92 1
78 85 1
79 80 1
79 85 1
79 87 1
80 100 1
81 96 1
82 97 1
83 91 1
83 94 1
83 95 1
83 99 1
87 90 1
87 100 1
88 89 1
88 93 1
89 93 1
93 99 1
94 95 1
94 96 1
94 99 1
94 100 1
95 96 1
96 99 1
98 99 1
