1 12 1
1 37 1
1 52 1
1 59 1
1 60 1
1 65 1
1 96 1
2 22 1
2 63 1
2 75 1
2 78 1
3 4 1
3 5 1
3 30 1
4 38 1
4 78 1
5 13 1
5 14 1
5 39 1
5 57 1
5 63 1
5 95 1
6 60 1
6 61 1
6 71 1
6 97 1
6 100 1
7 22 1
7 40 1
7 61 1
7 84 1
8 26 1
8 41 1
8 43 1
8 79 1
8 89 1
9 30 1
9 39 1
9 62 1
10 34 1
10 45 1
10 96 1
11 15 1
11 27 1
11 97 1
12 28 1
12 46 1
12 81 1
13 18 1
13 19 1
13 20 1
13 48 1
13 66 1
13 78 1
13 99 1
14 43 1
14 90 1
15 18 1
15 46 1
15 57 1
15 58 1
15 62 1
15 69 1
15 80 1
16 30 1
16 33 1
16 53 1
16 70 1
17 22 1
17 47 1
17 52 1
17 63 1
17 66 1
17 76 1
18 64 1
18 74 1
18 79 1
18 86 1
18 92 1
19 37 1
19 44 1
19 63 1
19 82 1
19 94 1
19 97 1
20 36 1
20 46 1
20 87 1
20 88 1
20 91 1
20 100 1
21 27 1
21 48 1
21 86 1
21 90 1
21 95 1
21 96 1
22 45 1
22 54 1
22 60 1
22 70 1
22 74 1
22 80 1
22 81 1
23 32 1
23 53 1
23 70 1
23 79 1
23 84 1
24 30 1
25 29 1
25 30 1
25 42 1
25 45 1
25 46 1
25 66 1
26 27 1
26 49 1
26 89 1
27 47 1
27 51 1
27 86 1
28 35 1
28 68 1
28 75 1
29 36 1
30 50 1
30 51 1
31 44 1
31 66 1
31 98 1
32 88 1
32 97 1
33 44 1
33 47 1
33 78 1
34 56 1
34 70 1
34 78 1
35 37 1
35 70 1
35 91 1
35 98 1
35 100 1
36 64 1
36 88 1
37 47 1
37 50 1
37 79 1
37 98 1
39 52 1
39 83 1
39 99 1
40 80 1
40 82 1
40 83 1
40 93 1
40 99 1
41 86 1
41 97 1
42 44 1
42 58 1
42 70 1
42 74 1
42 100 1
43 47 1
43 61 1
43 64 1
43 72 1
43 80 1
43 100 1
44 54 1
44 74 1
44 82 1
45 81 1
45 86 1
45 91 1
45 93 1
46 64 1
46 80 1
46 98 1
47 84 1
47 88 1
48 72 1
48 73 1
48 81 1
48 95 1
49 59 1
50 80 1
50 81 1
51 59 1
51 72 1
52 62 1
52 76 1
52 77 1
53 100 1
54 79 1
55 60 1
55 79 1
56 60 1
56 87 1
56 97 1
57 74 1
57 97 1
58 77 1
58 100 1
59 66 1
60 91 1
61 85 1
62 65 1
62 85 1
63 86 1
64 79 1
64 86 1
65 76 1
66 70 1
66 76 1
66 78 1
67 70 1
67 79 1
69 73 1
69 82 1
69 86 1
70 79 1
71 89 1
72 81 1
73 76 1
73 79 1
73 88 1
73 97 1
74 88 1
74 95 1
76 80 1
77 88 1
78 79 1
80 87 1
81 85 1
82 91 1
83 94 1
84 87 1
84 89 1
85 90 1
87 92 1
89 92 1
89 93 1
90 97 1
